0 0 600 600
hline 100 200 300
vline 300 400 100
hline 100 200 400
vline 200 300 200
vline 400 500 200
hline 200 300 200
hline 200 300 500
vline 200 300 300
vline 400 500 300
hline 300 400 300
hline 300 400 400
vline 300 400 400
sline 200 200 250 175
sline 300 200 350 175
sline 300 300 350 275
sline 400 300 450 275
sline 400 400 450 375
sline 300 500 350 475
hline 150 250 175
sline 150 175 200 150
hline 200 300 150
sline 300 150 350 125
hline 350 450 125
sline 400 150 450 125
hline 400 500 150
sline 450 175 500 150
hline 350 450 175
vline 125 150 450
vline 175 275 350
hline 350 450 275
vline 175 275 450
vline 150 250 500
sline 500 250 550 225
vline 225 325 550
sline 500 350 550 325
vline 350 450 500
sline 450 475 500 450
vline 375 475 450
hline 350 450 475
vline 400 475 350
hline 500 550 225
sline 100 300 150 275
vline 175 275 150
hline 150 200 275
vline 400 450 150
hline 150 200 450